
0
1
10
100
1000
1001
1002
1003
1004
1005
100509
1006
1007
10072
1009
101
1010
1011
1012
1013
1014
10158
1016
1017
10171
1018
1019
102
10202
1022
1023
10232
1024
1025
1026
1027
1028
10286
10288
1029
103
1030
1031
1032
10320
1034
1035
1036
1037
1038
1039
104
1040
1041
1042
10424
1043
1046
1047
104758
1048
1049
10497
105
1050
1051
1052
10525
10528
1053
10530
1054
10549
1055
1056
1057
1059
106
10602
1060578
10611
1062
10629
1063
10632
1064
1065
1066
1067
10675
1068
1069
107
1070
1071
10712
1073
10749
1075
1076
1077
10776
1078
1079
10791
108
1080
1081
10817
1082
1083
1085
1086
10862
10867
1087
1088
1089
109
1090
1091
1092
1096
1097
1098
10982
10983
1099
11
110
1101
11016
11017
1102
110202
1103
1104
1105
1107
11075
1108
11080
1109
111
1110
1111
1112
1114
1117
112
1120
1121
11212
1122
1125
1127
1128
11288
113
1130
1131
1133
1134
113483
1135
1137
1138
114
1140
1141
1144
1145
1147
115
1150
11501
1151
1152
1153
1154
1155
11552
1156
11564
1157
1159
116
1160
1161
1162
1164
1168
11686
1169
117
1171
1172
117277
1174
1176
1177
11772
11794
118
1180
1181
1182
1183
1184
118504
11852
1187
1188
11884
1189
119
1190
1191
1192
1193
1194
1195
1196
1197
1198
12
120
1201
1202
12043
1205
12074
1208
1209
121
1210
1211
1212
1213
1214
1215
1216
1218
122
1220
12212
1222
1223
1224
1225
1226
12297
123
1231
1232
1233
1234
12345
1235
1236
1237
12384
124
1241
1242
12425
1243
12434
1244
1245
124639
124668
1247
1248
1249
125
1251
1252
12522
12523
1253
1254
1255
1256
12568
1257
1258
1259
126
1262
1264
1265
1266
1267
1268
127
1270
1271
12714
127165
1272
1273
1274
1275
1276
1277
1278
128
12805
1281
1282
1283
1284
1286
12861
1287
1288
12888
1289
12893
129
1291
1293
1295
1296
1297
13
130
1300
130084
1305
1307
1309
131
1311
13111
13131
1314
13146
1316
1317
1318
132
1320
1321
1323
1324
13240
1325
1326
1327
1328
133
1330
1331
13310
1332
1334
1337
1338
1339
134
1340
1341
1344
134596
1346
1347
1348
1349
135
1350
1354
1355
1357
1358
1359
136
1360
1361
1362
1364
1365
13651
1366
1367
1368
1369
137
1370
1373
13747
1375
1376
1378
1379
13796
138
1380
1382
1384
1386
1388
13893
139
1390
1391
1392
1393
1394
1395
1397
13971
1398
13982
1399
14
140
1401
14012
1402
140326
1405
1407
1409
141
1411
1412
1413
1414
1416
1417
1418
1419
142
1421
1422
14222
1423
14234
1424
1425
1427
1428
1429
143
1430
1432
1433
1434
1436
1438
144
1440
1442
1443
14430
1444
1445
1448
14482
1449
145
1450
14514
1452
1453
1454
1457
1459
146
1460
1464
1465
1466
1467
1468
147
1472
1473
14763
1477
1478
14792
148
1480
1481
1482
1484
1485
1486
1488
14884
1489
149
1490
1491
1493
1494
1497
1499
15
150
1500
1501
15012
15018
15031
15039
1507
1509
151
1511
15124
1515
1519
152
1520
1522
1525
1526
1527
1529
153
1530
1532
1533
1534
1536
1537
1538
15383
1539
154
1543
15437
1544
1545
1546
1549
155
1553
1554
1555
1556
155625
1558
1559
156
1560
1561
1562
1563
1564
1565
15655
1566
1568
157
1570
1571
1572
15722
1573
1574
1576
1577
158
1581
1583
1584
15858
1586
1587
1589
159
1590
1591
1592
1593
1595
1599
16
160
1600
1601
16058
1606
1607
1608
1609
161
16137
1615
1616
1618
1619
162
1621
1622
16225
1623
1625
1626
1627
16282
1629
163
1630
1631
1632
1633
16337
1637
1639
164
1641
1642
1645
1646
1647
1648
1649
165
1650
1655
1656
1659
166
1661
1663
1664
1666
1669
167
1670
1672
1673
1675
1676
1678
1679
168
1685
16861
1689
169
1690
1691
1693
1694
1695
1697
1698
17
170
1701
1702
1703
1705
1706
1707
1708
171
1711
17123
1713
1714
1715
17152
1716
1717
1719
172
1721
1722
1723
1724
1726
1728
1729
173
1730
1731
1733
1735
174
1743
1744
1747
1748
1749
175
1751
1752
1755
1756
1757
1758
176
1760
1761
1762
1763
1766
177
1770
1773
1774
1776
17799
178
17810
1782
1786
17860
1789
179
1790
1793
1797
18
180
1800
1803
1804
1805
1807
1808
181
1810
1813
1814
1815
1816
1819
182
1820
1822
1823
1825
1828
1829
183
1830
1832
1834
1836
1837
1839
184
1841
1844
1846
1848
185
1851
18517
1852
18528
1853
1854
1856
1857
1858
18583
1859
186
1861
1862
1864
1866
1869
187
1870
1872
1874
1875
1876
1878
188
1880
1882
1884
1886
1889
189
1892
1894
1895
1896
1897
1898
1899
19
190
1901
1902
1903
1904
1906
1908
191
1911
1913
1914
1918
192
1921
1922
19225
1924
1928
1929
193
1934
1936
1937
1939
194
1942
1943
19434
1944
1945
1946
19484
195
1951
1954
1955
1956
19596
196
1960
1961
1962
1963
1964
1965
1968
1969
197
1970
1972
1973
1974
1977
1978
198
1980
1981
1982
1983
1984
1985
1987
1989
199
19906
1991
1992
1995
1997
1998
1999
2
20
200
2002
20034
2007
2009
201
2013
2014
20146
2015
2016
2017
2019
202
2022
2023
2024
2027
2028
2029
203
2031
20320
2033
2035
2036
204
2040
2041
2042
2044
2045
2048
2049
205
2050
20506
2053
2054
2055
2056
206
2060
2062
20636
20650
2066
2067
2068
2069
207
2070
2072
2073
2076
2077
208
2081
20815
2082
2084
2086
2087
2088
2089
209
2092
2093
2096
2099
21
210
2103
2106
211
2113
2115
21178
2119
212
2121
2126
2128
2128156
213
213010
21334
2134
2136
2137
214
2140
2141
2142
2143
2144
2145
2146
2147
215
2150
2151
21514
2152
21522
2155
2157
2158
2159
216
2161
2163
2164
2165
2167
2168
217
2170
21706
2171
21714
2172
2173
2174
2175
2177
21782
2179
218
2180
2181
2183
21849
2185
2187
2189
219
2193
2197
22
220
2200
2203
2204
2205
2206
220691
2207
2209
221
2210
2211
2212
2215
2217
22178
2219
222
2222
22244
2226
22270
2229
223
2231
2232
2235
2236
224
2241
2242
2249
225
2253
2256
2258
2259
226
2260
2262
2265
2266
2267
227
2270
2273
2274
2275
2277
2279
228
2280
2284
228695
2288
229
2291
22914
2293
2295
2296
2297
2299
23
230
2306
2307
2309
231
2311
2314
2315
2319
232
2321
2323
2327
2329
233
2330
2332
2334
234
2343
2344
2345
23473
2348
235
2352
2353
2355
2358
2359
236
2361
2364
2367
237
2370
2371
2372
238
2380
2384
2385
2386
2388
239
2390
2395
24
240
2401
2403
2404
2405
2406
2407
2408
2409
241
2411
2412
2416
2419
242
2420
2421
24212
2422
2423
2425
24256
243
2431
2434
2435
2437
2438
244
2441
2444
2447
2448
2449
245
2450
2452
245298
2453
2456
24579
246
2461
2463
2465
2467
247
2471
2474
2475
24754
2476
2478
248
2480
2482
2485
2486
2488
249
2495
2496
2498
25
250
2500
2505
2506
2509
251
2511
2516
2518
252
2521
2522
25228
2525
2526
2527
2528
252869
253
2530
2531
2532
2533
2538
254
2541
25418
2544
2546
2548
2549
255
2553
2558
256
2563
2565
2566
2567
257
25702
2572
2574
2578
258
2582
2583
2584
2586
2587
2588
259
2590
2594
26
260
2600
2603
2606
2608
261
2610
2611
2614
2617
262
2623
2624
2625
2626
263
2630
2632
2638
2639
264
2640
2642
2646
265
2653
2654
2656
266
2661
2667
267
2672
268
2681
2682
2683
2686
2689
269
2691
2693
2696
2698
27
270
2701
2702
271
2711
2712
2713
2715
27161
272
2725
2726
2727
2729
273
2732
2733
2737
2738
274
2740
2744
2746
2747
2748
2749
275
2750
27523
2753
2754
2755
2756
276
2764
2765
277
2771
2775
2776
278
2782
2786
2788
2789
279
2791
2793
27935
2794
2796
2798
28
280
2801
2802
2805
2808
281
28101
2812
2815
282
2821
2822
2828
283
2832
2833
2835
2836
284
2840
2842
2843
2846
2847
2848
2849
285
2850
2854
2857
2858
2859
286
2860
2862
28623
2866
2867
287
2871418
2874
2877
28775
2878
2879
288
2882
2883
2887
2889
289
2891
2893
2898
29
290
2900
2901
2903
2904
2905
2909
291
292
2923
2926
2928
293
2930
2933
2935
2937
294
2940
2941
2943
29451
2946
2949
295
2950
2953
2954
296
2960
2963
2968
297
2970
2972
2974
2976
2977
2979
298
2980
2984
2985
2986
299
29954
2999
3
30
300
3001
3002
3003
301
3010
3012
3014
3016
3018
302
3020
3021
3023
3027
3029
303
3032
3033
3037
303749
30376
30379
3038
304
3040
3048
3049
305
3050
3053
3055
306
3062
3065
3066
3068
3069
307
3072
3076
308
3081
3083
309
3090
3091
3093
3097
3098
3099
31
310
3105
3106
3107
3109
311
3114
312
3120
31243
3126
313
3130
3131
3135
31359
3138
314
3142
3145
314633
3147
315
3152
3154
3156
3158
316
3164
31646
3165
316691
31681
317
3170
3179
318
3188
3189
319
3191
3195
32
320
3205
321
3212
32134
3215
3217
3218
322
3220
3222
323
3239
324
3241
3243
325
3253
3257
326
327
3271
3272
3276
3277
3279
328
3280
3283
32849
3285
3288
329
3295
3297
3298
33
330
331
33125
332
3321
3324
3326
3329
333
3335
334
3340
3341
3342
3347
335
3352
3354
3357
3359
33595
336
3360
3363
3366
3367
337
3374
33765
3379
338
3381
3384
3386
3389
339
3391
3395
3397
34
340
34057
34087
3409
341
3410
3414
3415
3417
3418
3419
342
343
3437
344
3442
3448
345
3451
3454
3459
346
3460
3461
3467
347
3472
3473
3475
3479
348
3483
3484
3486
3487
349
3493
3498
3499
35
350
351
3518
352
3524
353
3533
3536
3538
354
3540
35436
355
3552
3555
3556
3557
356
3562
3565
3568
357
3573
3574
3577
358
3581
3583
359
3594
35950
36
360
3601
3606
361
3614
3617
3618
362
3620
3622
3623
3628
363
36352
364
3644
3647
36498
365
36541
366
3660
3667
367
3677
3678
368
3689
369
3693
37
370
370355
3705
371
3711
372
3721
3722
3723
373
3730
3731
3737
37387
3739
374
3741
375
3756
376
3762
3763
377
3772
3775
3778
378
3782
3783
3788
379
3791
3796
3797
3798
38
380
3808
381
3816
382
3827
383
3834
384
3840
3846
385
3851
3856
3858
386
3860
3863
3868
3869
3871
38742
3876
3879
388
3880
3885
3886
389
3892
3899
39
390
391
3910
3912
3916
392
3921
3928
393
3936
3938
394
3940
3943
395
396
39609
397
398
3984
399
39928
3996
3997
4
40
400
4007
401
4012
4015
402
4023
4025
40299
403
4032
4035
4037127
404
4043
405
4055
406
4060
4062
406524
407
4071
408
409
4091
4092
4095
41
410
4101
4103
4106
4107
411
4114
4115
412
4122
4128
413
4134
414
415
4150
4152
41552
416
41646
4166
417
4170
4175
41782
418
4185
4188
4189
419
419663
42
420
4200
4203
4208
421
4216
422
4220
4229
423
4230
424
4247
425
4252
4253
4257
426
4266
427
4278
428
4280
4283
4288
429
4297
43
430
4301
43045
4306
43067
431
4312
4314
4316
432
4322
4323
4326
43287
433
4332
4337
434
4340
435
4351
4359
436
43699
437
4372
4379
438
4386
43860
4388
439
4393
44
440
4408
441
4410
4416
442
4420
443
4437
444
4449
445
4450
4455
446
4465
4467
447
4470
4473
4477
448
4482
4484
4488
449
45
450
451
4513
452
453
4531
454
455
456
4562
4566
457
4571
4572
458
459
46
460
4601
461
4611
4615
462
463
4632
464
4640
4643
4647
465
466
4662
467
468
4681
4683
46859
4686
469
46906
47
470
471
4712
4713
472
4720
4723
4729
473
4738
474
4740
4743
4745
475
476
4764
477
4774
478
4782
4784
478720
479
48
480
4803
481
4812
4815
4819
482
48221
483
4830
484
4841
485
486
48631
487
4873
488
4888
489
49
490
491
4910
4911
4914
4919
492
4923
4925
493
4938
494
4941
4945
495
4950
4952
496
4967
497
4975
498
4986
499
4992
5
50
500
5000
501
5011
5012
5016
502
5025
503
5031
5034
504
505
5057
506
50674
5068
507
508
5082
5084
50897
509
50960
51
510
5100
511
5110
5112
512
5120
5121
5123
513
5134
5135
5136
514
5148
515
516
51632
516636
517
5172
5173
518
5183
519
5192
5196
52
520
5206
521
5217
522
523
5233
5238
524
525
526
5260
5261
527
528
5284
529
5294
53
530
5302
5306
531
53145
5320
533
5335
534
5345
5349
535
5351
536
5362
5365
5367
5369
537
5370
538
539
5390
54
540
54027
541
5413
5416
5417
542
5427
543
544
5440
5445
545
546
5467
547
5470
548
5482
549
55
550
55081
551
5514
552
5528
553
5532
5538
554
5542
555
5551
556
5565
557
5572
558
5580
559
5595
56
560
5601
5602
561
5613
5616
562
563
564
5644
5646
565
566
567
568
569
5691
5693
5699
57
570
5701
5707
571
572
573
5733
5736
574
575
5752
5755
576
5767
57691
577
5774
578
5782
579
5790
58
580
5803
581
5810
5814
582
583
5834
584
5845
5847
585
5854
58565
58586
586
5860
587
588
589
5894
59
590
5903
591
592
5927
59295
593
5932
5937
594
5947
595
596
597
598
5981
599
6
60
600
6005
601
6015
6019
602
603
6030
6036
604
60475
605
606
6060
6067
6068
607
60758
608
6089
609
6099
61
610
611
61144
612
613
614
6146
615
6153
616
6168
617
6171
6174
618
619
6197
62
620
6201
6207
6208
621
622
623
6235
6238
624
6249
625
626
62602
627
628
6280
629
63
630
6308
631
632
6329
633
6335
6338
634
63468
635
636
6361
637
6371
6378
638
6383
639
64
640
641
6417
642
643
644
6443
645
646
647
648
6489
649
6490
65
650
651
6514
652
6527
653
654
6542
655
6550
6559
656
657
658
659
6595
66
660
661
662
663
6634
6637267
664
6641
665
666
667
6676
669
6691
6695
67
670
671
6712
672
6720
673
6730
6733
6738
674
675
676
6763
6765
677
6774
6776
678
6782
679
6794
6795
68
680
6809
681
682
683
684
6847
685
686
687
6875
688
689
68963
69
690
6904
6908
691
692
6922
693
694
6943
695
696
697
698
699
6995
6998
7
70
700
701
702
703
704
705
706
7067
707
708
709
71
710
7103
71064
7119
712
7120
713
714
7149
715
7153
7154
7158
716
7168
718
719
72
7201
721
7211
722
723
724
725
726
7269
727
7286
729
73
730
73142
7317
732
7321
7322
732525
733
7330
7339
734
7341
7345
7346
735
7355
7356
736
737
738
7382
739
7390
74
740
741
743
744
7440
7448
745
746
7461
747
7472
7473
748
7481
749
75
750
7504
7507
751
7510
7514
752
7526
753
754
755
7554
7555
756
7561
757
758
759
76
760
761
762
763
7630
7634
764
765
7657
766
767
768
7683
769
7693
7697
7699
77
770
771
7711
7715
772
774
7745
775
776
777
778
7785
779
78
780
781
783
7831
7837
784
7845
785
7857
786
7889
789
79
790
7900
791
792
7922
793
7931
794
7942
795
7954
797
7970
7978
798
7985
799
8
80
800
801
8017
802
803
805
806
807
8070
808
809
80908
81
8102
811
8118
812
8124
813
8133
814
815
816
817
818
819
82
820
821
8212
8214
822
823
8238
824
825
826
82686
827
828
8285
829
83
830
831
8319
832
83233
833
8332
8339
834
8342
835
8354
837
8375
838
839
84
840
8400
841
842
843
8447
845
8451
846
8466
847
8476
848
849
8490
85
850
851
852
853
854
85436
855
8553
8558
856
8568
857
859
86
860
86019
861
8614
86185
862
8622
86275
863
864
865
866
867
8670
8671
8675
868
8699
87
870
871
872
873
874
875
8754
876
877
878
8781
879
88
880
881
8811
8814
8815
882
884
886
887
8883
889
8895
89
890
8901
8909
891
8918
892
893
894
895
8952
8958
896
8969
897
898
9
90
900
9008
901
902
904
905
9055
906
9068
907
9077
9078
908
909
91
910
911
912
913
9131
914
915
916
917
918
919
92
920
9209
921
923
9231
924
925
926
927
928
929
93
930
932
933
934
935
936
9362
937
938
9385
939
93930
93998
94
941
942
944
9448
945
946
947
9477
948
949
95
950
951
952
953
954
955
9552
9555
956
957
958
959
96
9604
961
9611
962
963
9631
964
965
966
9664
968
9684
969
97
971
972
973
974
975
9750
976
977
978
98
980
981
98189
982
98243
983
984
98445
985
986
9862
987
988
989
99
990
991
993
995
996
997
998
999
9995
S1_lvl
#Total Number of Reads: 316541235
